59.0 62.6 64.4 60.8 57.2
60.8 64.4 66.2 62.6 59.0
59.0 64.4 68.0 64.4 60.8
57.2 62.6 66.2 62.6 59.0
55.4 60.8 64.4 62.6 57.2
57.2 62.6 66.2 60.8 59.0
60.8 66.2 69.8 64.4 62.6
59.0 64.4 68.0 62.6 60.8
57.2 62.6 64.4 60.8 59.0
55.4 60.8 62.6 59.0 57.2
60.8 66.2 69.8 64.4 60.8
59.0 62.6 66.2 64.4 59.0
57.2 64.4 68.0 62.6 60.8
59.0 66.2 71.6 64.4 62.6
57.2 62.6 66.2 60.8 59.0
55.4 60.8 62.6 59.0 55.4
57.2 62.6 66.2 62.6 59.0
59.0 64.4 68.0 64.4 60.8
55.4 59.0 62.6 60.8 57.2
57.2 64.4 68.0 62.6 59.0
60.8 66.2 71.6 68.0 64.4
59.0 62.6 64.4 60.8 59.0
55.4 60.8 64.4 62.6 57.2
57.2 60.8 66.2 62.6 60.8
59.0 64.4 69.8 66.2 62.6
57.2 62.6 64.4 60.8 59.0
55.4 59.0 62.6 60.8 57.2
57.2 64.4 66.2 62.6 59.0
60.8 66.2 71.6 68.0 62.6
59.0 62.6 66.2 64.4 60.8
55.4 60.8 64.4 62.6 59.0
57.2 64.4 68.0 64.4 60.8
59.0 66.2 71.6 66.2 62.6
55.4 62.6 66.2 60.8 59.0
57.2 60.8 64.4 62.6 57.2
59.0 64.4 68.0 66.2 60.8
55.4 62.6 66.2 62.6 57.2
57.2 64.4 69.8 66.2 59.0
55.4 60.8 62.6 59.0 55.4
57.2 62.6 66.2 60.8 59.0
59.0 66.2 69.8 64.4 60.8
55.4 59.0 64.4 62.6 59.0
57.2 62.6 68.0 62.6 59.0
59.0 66.2 71.6 64.4 62.6
57.2 60.8 66.2 64.4 59.0
55.4 60.8 64.4 60.8 57.2
57.2 62.6 68.0 62.6 59.0
59.0 64.4 69.8 66.2 60.8
57.2 62.6 64.4 60.8 59.0
55.4 60.8 64.4 62.6 59.0
59.0 66.2 69.8 66.2 62.6
55.4 62.6 66.2 62.6 59.0
57.2 60.8 66.2 62.6 57.2
59.0 64.4 68.0 64.4 59.0
55.4 60.8 62.6 59.0 57.2
57.2 64.4 69.8 64.4 60.8
59.0 62.6 66.2 64.4 62.6
55.4 59.0 64.4 60.8 59.0
57.2 62.6 68.0 62.6 60.8
55.4 60.8 66.2 64.4 59.0
59.0 66.2 71.6 68.0 62.6
55.4 60.8 64.4 60.8 57.2
59.0 62.6 68.0 64.4 60.8
57.2 60.8 66.2 62.6 59.0
59.0 64.4 68.0 64.4 60.8
57.2 62.6 64.4 62.6 59.0
55.4 60.8 66.2 62.6 59.0
57.2 62.6 68.0 62.6 59.0
59.0 66.2 69.8 66.2 60.8
59.0 62.6 64.4 60.8 57.2
60.8 64.4 66.2 62.6 59.0
59.0 64.4 68.0 64.4 60.8
57.2 62.6 66.2 62.6 59.0
55.4 60.8 64.4 62.6 57.2
57.2 62.6 66.2 60.8 59.0
60.8 66.2 69.8 64.4 62.6
59.0 64.4 68.0 62.6 60.8
57.2 62.6 64.4 60.8 59.0
55.4 60.8 62.6 59.0 57.2
